current_method: mean_norm
signal_start_bin: 0
signal_end_bin: 200
norm_start_bin: 300
norm_end_bin: 700
signal_start_s: 0.0
signal_end_s: 2.0000000000000002e-07
norm_start_s: 2.2080000000000003e-06
norm_end_s: 2.804e-06
analysis_settings:
  current_method: mean_norm
  norm_end_s: 2.2e-06
  norm_start_s: 2.0000000000000003e-06
  signal_end_s: 2.0000000000000002e-07
  signal_start_s: 0.0
